,energy_hvac,Outdoor_temp,zone_temp_cooling,zone_temp_heating,indoor_temp_interior,indoor_temp_exterior,co2,fan_speed,supplyfan_speed,returnfan_speed,supply_air_temp_setpoint,supply_air_temp,return_air_temp,outdoor_air_temp,filtered_air_flow_rate,outdoor_air_damper_position,economizer_setpoint,air_pressure_static_setpoint,plenum_air_pressure_at_floor
energy_hvac,1.0,0.5306957529234341,-0.0319591275569059,0.0032359593483776714,0.20991518532047496,0.3227328113541785,0.016247085316083033,0.316776278169008,0.5705833819354057,0.4632666049329341,0.11936245444777178,0.26540858359338,0.3322055756776864,0.5272579068669262,0.5088441409893965,-0.0700951673293952,0.11923613108902041,0.006919242160561621,0.2865358820866746
Outdoor_temp,0.5306957529234341,1.0,-0.0016398535006381563,-0.007828871980579258,0.4352014853879119,0.6473785531024175,-0.010459487149091645,0.4164757350253718,0.24417115981521262,0.28973061203439476,-0.04850077360298465,0.17674253176605584,0.5171625937267206,0.9493942011105837,0.2700398094971115,0.070751103831408,-0.04826190218353444,0.0025706444962185836,0.007183961331262827
zone_temp_cooling,-0.0319591275569059,-0.0016398535006381563,1.0,0.9377636943295106,0.007724189472064135,-0.00014059943248343956,-0.010575755474768469,-0.10160906176149957,-0.020669363680350085,-0.012127474785736034,0.013929879316098367,0.008063683358189157,-0.008299647491503708,-0.01111192749165831,-0.007788443766204872,0.011502864452696836,0.014314430116625374,0.03319406477860836,-0.006489704849057247
zone_temp_heating,0.0032359593483776714,-0.007828871980579258,0.9377636943295106,1.0,0.03658366804885765,0.03300218379194223,0.008611023197840942,0.09279426402534875,0.007962967264255712,0.018248472041404753,0.023844955648610413,0.020729589987230065,0.018764334860081285,-0.008669286370894992,0.01870988495430869,0.01864139164904686,0.02355538575962232,-0.022122461858391926,0.007288577864422872
indoor_temp_interior,0.20991518532047496,0.4352014853879119,0.007724189472064135,0.03658366804885765,1.0,0.7404738965040765,-0.14649510508503122,0.3916557199128866,0.25101638007608384,0.3138836013213252,0.3040047204399321,0.4582546686716272,0.4419241796052991,0.41009272852657586,0.3938004767149969,0.05280746374349934,0.3045294671662271,-0.004530453839257891,0.09960035897241336
indoor_temp_exterior,0.3227328113541785,0.6473785531024175,-0.00014059943248343956,0.03300218379194223,0.7404738965040765,1.0,-0.07903686926718897,0.5695193432228364,0.19653099171652477,0.25262833990969363,0.10370924228855312,0.4941164848539567,0.742706194535836,0.6273551949739478,0.21860260060398012,0.06993882849361839,0.10486625474713328,-0.005812536093863251,0.053627228350949886
co2,0.016247085316083033,-0.010459487149091645,-0.010575755474768469,0.008611023197840942,-0.14649510508503122,-0.07903686926718897,1.0,-0.008653844340412388,-0.05447046072272073,-0.07240616989530466,-0.09952551246511442,-0.06995232706552529,0.010347340254338222,-0.019935008324850827,-0.1691439574974845,-0.04691704177136551,-0.10065459825686253,-0.016098660931977708,0.07735704450961156
fan_speed,0.316776278169008,0.4164757350253718,-0.10160906176149957,0.09279426402534875,0.3916557199128866,0.5695193432228364,-0.008653844340412388,1.0,0.43396722147325884,0.4835933507270973,0.05788142849087105,0.25661271648660633,0.5072898454034452,0.39260832937156837,0.36100000293480056,0.08768767259451223,0.05664532684282826,-0.08544627087649402,0.1496957516513855
supplyfan_speed,0.5705833819354057,0.24417115981521262,-0.020669363680350085,0.007962967264255712,0.25101638007608384,0.19653099171652477,-0.05447046072272073,0.43396722147325884,1.0,0.9373451168637722,0.37541344862953674,0.44187956075573664,0.3632539578511362,0.2224211212144941,0.9206008193978077,-0.0066447737749708025,0.3740526594184125,-0.024247204072191705,0.5176650334115512
returnfan_speed,0.4632666049329341,0.28973061203439476,-0.012127474785736034,0.018248472041404753,0.3138836013213252,0.25262833990969363,-0.07240616989530466,0.4835933507270973,0.9373451168637722,1.0,0.3655722756140274,0.39724104818585115,0.43574224369072223,0.25293287711380585,0.9052490453761624,0.05845461054849279,0.363789360258327,-0.04271142739761058,0.5176159366573816
supply_air_temp_setpoint,0.11936245444777178,-0.04850077360298465,0.013929879316098367,0.023844955648610413,0.3040047204399321,0.10370924228855312,-0.09952551246511442,0.05788142849087105,0.37541344862953674,0.3655722756140274,1.0,0.6234878223976114,0.12592366393635088,-0.01794336531682468,0.4732879026271554,-0.26076410877603057,0.9992505227401423,-0.01411793128088258,0.3090016861174998
supply_air_temp,0.26540858359338,0.17674253176605584,0.008063683358189157,0.020729589987230065,0.4582546686716272,0.4941164848539567,-0.06995232706552529,0.25661271648660633,0.44187956075573664,0.39724104818585115,0.6234878223976114,1.0,0.6078092608519254,0.2060457908224139,0.46776315836800714,-0.11346447440906149,0.6248261215911685,-0.005758007680194009,0.2165410332359437
return_air_temp,0.3322055756776864,0.5171625937267206,-0.008299647491503708,0.018764334860081285,0.4419241796052991,0.742706194535836,0.010347340254338222,0.5072898454034452,0.3632539578511362,0.43574224369072223,0.12592366393635088,0.6078092608519254,1.0,0.5308165250796647,0.3192561079261708,0.07816739108470702,0.1279955349011331,-0.0025083897418270605,0.25434725999727836
outdoor_air_temp,0.5272579068669262,0.9493942011105837,-0.01111192749165831,-0.008669286370894992,0.41009272852657586,0.6273551949739478,-0.019935008324850827,0.39260832937156837,0.2224211212144941,0.25293287711380585,-0.01794336531682468,0.2060457908224139,0.5308165250796647,1.0,0.2436898721478828,0.004829196404017895,-0.017906487235099165,-0.015344027161857886,0.0009131264142534477
filtered_air_flow_rate,0.5088441409893965,0.2700398094971115,-0.007788443766204872,0.01870988495430869,0.3938004767149969,0.21860260060398012,-0.1691439574974845,0.36100000293480056,0.9206008193978077,0.9052490453761624,0.4732879026271554,0.46776315836800714,0.3192561079261708,0.2436898721478828,1.0,-0.003815544763697753,0.4729711576663836,0.008446071868991848,0.44310582947388655
outdoor_air_damper_position,-0.0700951673293952,0.070751103831408,0.011502864452696836,0.01864139164904686,0.05280746374349934,0.06993882849361839,-0.04691704177136551,0.08768767259451223,-0.0066447737749708025,0.05845461054849279,-0.26076410877603057,-0.11346447440906149,0.07816739108470702,0.004829196404017895,-0.003815544763697753,1.0,-0.260540144111715,0.010284291493966173,-0.044031776643594756
economizer_setpoint,0.11923613108902041,-0.04826190218353444,0.014314430116625374,0.02355538575962232,0.3045294671662271,0.10486625474713328,-0.10065459825686253,0.05664532684282826,0.3740526594184125,0.363789360258327,0.9992505227401423,0.6248261215911685,0.1279955349011331,-0.017906487235099165,0.4729711576663836,-0.260540144111715,1.0,-0.0014122025705242236,0.3081218932877383
air_pressure_static_setpoint,0.006919242160561621,0.0025706444962185836,0.03319406477860836,-0.022122461858391926,-0.004530453839257891,-0.005812536093863251,-0.016098660931977708,-0.08544627087649402,-0.024247204072191705,-0.04271142739761058,-0.01411793128088258,-0.005758007680194009,-0.0025083897418270605,-0.015344027161857886,0.008446071868991848,0.010284291493966173,-0.0014122025705242236,1.0,-0.027194662005424246
plenum_air_pressure_at_floor,0.2865358820866746,0.007183961331262827,-0.006489704849057247,0.007288577864422872,0.09960035897241336,0.053627228350949886,0.07735704450961156,0.1496957516513855,0.5176650334115512,0.5176159366573816,0.3090016861174998,0.2165410332359437,0.25434725999727836,0.0009131264142534477,0.44310582947388655,-0.044031776643594756,0.3081218932877383,-0.027194662005424246,1.0
